/home/lxq/anaconda3/envs/tf2/bin/python /home/lxq/PycharmProjects/LSH/MiniHash.py
File name: LSH_data.txt
Read lines: 1224135
the max word: 36771
the min word: 1
the number of doc: 9394
Shingle Matrix:
 [[1. 0. 0. ... 0. 0. 0.]
 [1. 0. 0. ... 0. 1. 1.]
 [0. 0. 0. ... 0. 0. 1.]
 ...
 [0. 0. 0. ... 0. 0. 0.]
 [0. 0. 0. ... 0. 0. 0.]
 [0. 0. 0. ... 0. 0. 0.]]
Shingle Matrix.shape: (36771, 9394)
File name: LSH_data.txt
Read lines: 1224135
the max word: 36771
the min word: 1
the number of doc: 9394
Shingle Matrix:
 [[2. 0. 0. ... 0. 0. 0.]
 [1. 0. 0. ... 0. 2. 2.]
 [0. 0. 0. ... 0. 0. 2.]
 ...
 [0. 0. 0. ... 0. 0. 0.]
 [0. 0. 0. ... 0. 0. 0.]
 [0. 0. 0. ... 0. 0. 0.]]
Shingle Matrix.shape: (36771, 9394)

Using LSH: {(2, 817): (15.0, 0.15), (2, 8): (14.0, 0.14), (2, 1344): (14.0, 0.14), (2, 1694): (14.0, 0.14), (2, 682): (13.0, 0.13), (2, 813): (12.0, 0.12), (2, 1622): (11.0, 0.11), (2, 340): (10.0, 0.1), (2, 628): (10.0, 0.1), (2, 655): (10.0, 0.1), (2, 1529): (10.0, 0.1), (2, 1596): (10.0, 0.1), (2, 1842): (10.0, 0.1), (2, 3992): (9.0, 0.09), (2, 344): (9.0, 0.09), (2, 365): (9.0, 0.09), (2, 811): (9.0, 0.09), (2, 1307): (9.0, 0.09), (2, 1362): (9.0, 0.09), (2, 1790): (9.0, 0.09), (2, 1827): (9.0, 0.09), (2, 1852): (9.0, 0.09), (2, 6150): (9.0, 0.09), (2, 8191): (9.0, 0.09), (2, 680): (8.0, 0.08), (2, 814): (8.0, 0.08), (2, 1290): (8.0, 0.08), (2, 1291): (8.0, 0.08), (2, 1299): (8.0, 0.08), (2, 1363): (8.0, 0.08), (2, 1618): (8.0, 0.08), (2, 1652): (8.0, 0.08), (2, 1707): (8.0, 0.08), (2, 1831): (8.0, 0.08), (2, 1847): (8.0, 0.08), (2, 2159): (8.0, 0.08), (2, 2289): (8.0, 0.08), (2, 3986): (8.0, 0.08), (2, 5743): (8.0, 0.08), (2, 389): (7.0, 0.07), (2, 689): (7.0, 0.07), (2, 764): (7.0, 0.07), (2, 833): (7.0, 0.07), (2, 858): (7.0, 0.07), (2, 1265): (7.0, 0.07), (2, 1322): (7.0, 0.07), (2, 1367): (7.0, 0.07), (2, 1637): (7.0, 0.07), (2, 6374): (7.0, 0.07), (2, 8048): (7.0, 0.07), (2, 9054): (7.0, 0.07), (2, 88): (6.0, 0.06), (2, 126): (6.0, 0.06), (2, 329): (6.0, 0.06), (2, 352): (6.0, 0.06), (2, 363): (6.0, 0.06), (2, 375): (6.0, 0.06), (2, 377): (6.0, 0.06), (2, 615): (6.0, 0.06), (2, 650): (6.0, 0.06), (2, 651): (6.0, 0.06), (2, 742): (6.0, 0.06), (2, 755): (6.0, 0.06), (2, 780): (6.0, 0.06), (2, 788): (6.0, 0.06), (2, 797): (6.0, 0.06), (2, 832): (6.0, 0.06), (2, 1294): (6.0, 0.06), (2, 1305): (6.0, 0.06), (2, 1309): (6.0, 0.06), (2, 1325): (6.0, 0.06), (2, 1339): (6.0, 0.06), (2, 1351): (6.0, 0.06), (2, 1368): (6.0, 0.06), (2, 1733): (6.0, 0.06), (2, 1782): (6.0, 0.06), (2, 1784): (6.0, 0.06), (2, 1804): (6.0, 0.06), (2, 1809): (6.0, 0.06), (2, 2174): (6.0, 0.06), (2, 2307): (6.0, 0.06), (2, 3955): (6.0, 0.06), (2, 3989): (6.0, 0.06), (2, 5144): (6.0, 0.06), (2, 6294): (6.0, 0.06), (2, 6604): (6.0, 0.06), (2, 7494): (6.0, 0.06), (2, 7905): (6.0, 0.06), (2, 7915): (6.0, 0.06), (2, 7917): (6.0, 0.06), (2, 8337): (6.0, 0.06), (2, 6591): (5.0, 0.05), (2, 26): (5.0, 0.05), (2, 89): (5.0, 0.05), (2, 288): (5.0, 0.05), (2, 335): (5.0, 0.05), (2, 374): (5.0, 0.05), (2, 483): (5.0, 0.05), (2, 544): (5.0, 0.05), (2, 569): (5.0, 0.05)}

Without using LSH: {(2, 817): (7.0, 0.15217391304347827), (2, 682): (6.0, 0.11538461538461539), (2, 1694): (8.0, 0.1111111111111111), (2, 813): (7.0, 0.109375), (2, 1325): (5.0, 0.10638297872340426), (2, 389): (4.0, 0.1), (2, 1362): (3.0, 0.09375), (2, 1290): (3.0, 0.09090909090909091), (2, 1529): (5.0, 0.09090909090909091), (2, 652): (8.0, 0.08888888888888889), (2, 344): (4.0, 0.0851063829787234), (2, 1344): (5.0, 0.0847457627118644), (2, 650): (5.0, 0.08196721311475409), (2, 1637): (7.0, 0.07954545454545454), (2, 8337): (4.0, 0.0784313725490196), (2, 1790): (6.0, 0.07692307692307693), (2, 654): (9.0, 0.07563025210084033), (2, 1652): (4.0, 0.07547169811320754), (2, 833): (4.0, 0.07407407407407407), (2, 1622): (5.0, 0.07352941176470588), (2, 1291): (3.0, 0.07317073170731707), (2, 1852): (3.0, 0.07317073170731707), (2, 1307): (4.0, 0.07272727272727272), (2, 3992): (4.0, 0.07272727272727272), (2, 1618): (9.0, 0.072), (2, 352): (3.0, 0.07142857142857142), (2, 1309): (3.0, 0.07142857142857142), (2, 1842): (5.0, 0.07142857142857142), (2, 340): (4.0, 0.06779661016949153), (2, 335): (3.0, 0.06521739130434782), (2, 1350): (3.0, 0.06521739130434782), (2, 6602): (3.0, 0.06521739130434782), (2, 3955): (4.0, 0.06451612903225806), (2, 7905): (3.0, 0.06382978723404255), (2, 8191): (3.0, 0.06382978723404255), (2, 1827): (4.0, 0.06349206349206349), (2, 2159): (4.0, 0.06349206349206349), (2, 2175): (4.0, 0.06349206349206349), (2, 8): (6.0, 0.06315789473684211), (2, 628): (3.0, 0.0625), (2, 811): (7.0, 0.0625), (2, 1351): (3.0, 0.0625), (2, 1847): (3.0, 0.0625), (2, 785): (7.0, 0.061946902654867256), (2, 3953): (5.0, 0.06172839506172839), (2, 1670): (3.0, 0.061224489795918366), (2, 6604): (3.0, 0.061224489795918366), (2, 7915): (3.0, 0.061224489795918366), (2, 3975): (3.0, 0.06), (2, 7494): (3.0, 0.058823529411764705), (2, 1831): (6.0, 0.05825242718446602), (2, 2245): (3.0, 0.057692307692307696), (2, 8048): (3.0, 0.057692307692307696), (2, 354): (3.0, 0.05660377358490566), (2, 808): (6.0, 0.05660377358490566), (2, 1294): (3.0, 0.05660377358490566), (2, 788): (4.0, 0.056338028169014086), (2, 1782): (4.0, 0.056338028169014086), (2, 680): (6.0, 0.056074766355140186), (2, 326): (4.0, 0.05555555555555555), (2, 2293): (3.0, 0.05555555555555555), (2, 828): (3.0, 0.05454545454545454), (2, 832): (3.0, 0.05454545454545454), (2, 3986): (3.0, 0.05454545454545454), (2, 7151): (3.0, 0.05454545454545454), (2, 831): (3.0, 0.05357142857142857), (2, 1804): (3.0, 0.05357142857142857), (2, 1853): (3.0, 0.05357142857142857), (2, 2241): (3.0, 0.05357142857142857), (2, 2300): (3.0, 0.05357142857142857), (2, 3989): (3.0, 0.05357142857142857), (2, 7917): (3.0, 0.05357142857142857), (2, 8300): (3.0, 0.05357142857142857), (2, 9169): (3.0, 0.05357142857142857), (2, 768): (5.0, 0.05319148936170213), (2, 671): (3.0, 0.05263157894736842), (2, 803): (3.0, 0.05263157894736842), (2, 8429): (3.0, 0.05263157894736842), (2, 1628): (6.0, 0.05172413793103448), (2, 1363): (2.0, 0.05128205128205128), (2, 742): (7.0, 0.051094890510948905), (2, 346): (3.0, 0.05084745762711865), (2, 810): (3.0, 0.05084745762711865), (2, 1807): (3.0, 0.05084745762711865), (2, 9037): (3.0, 0.05084745762711865), (2, 9229): (3.0, 0.05084745762711865), (2, 797): (4.0, 0.05063291139240506), (2, 830): (3.0, 0.05), (2, 3707): (2.0, 0.05), (2, 743): (3.0, 0.04918032786885246), (2, 6609): (3.0, 0.04918032786885246), (2, 1601): (5.0, 0.049019607843137254), (2, 345): (2.0, 0.04878048780487805), (2, 365): (5.0, 0.047619047619047616), (2, 1805): (4.0, 0.047619047619047616), (2, 2307): (3.0, 0.047619047619047616), (2, 5185): (3.0, 0.047619047619047616), (2, 5739): (3.0, 0.047619047619047616), (2, 8550): (3.0, 0.047619047619047616), (2, 1667): (5.0, 0.04716981132075472)}
Time taken: 2571.2912817001343 secs
